3.9 3.9 3.9 3.9 3.9 3.9 4 6.1 35.7 107.1 175.2 226.8 251 238.6 171.7 87.9 17.4 4.1 4 4 4 4 4 4
3.9 3.9 3.9 3.9 3.9 3.9 4.2 21.4 91.6 186.6 269.9 343.2 363 335.4 267 162.4 64.8 10.2 3.9 3.9 3.9 3.9 3.9 3.9
4 3.9 4 3.9 4 4.2 18 83.7 192.1 300.6 379.3 434 448.7 419.5 351.3 250.6 141.7 44.3 5.8 3.9 3.9 4 3.9 3.9
3.9 3.9 3.9 3.9 4.2 17.5 82.5 190.9 312.9 422.1 503.4 543.3 543.8 497.6 423 325.1 213.2 104.7 23.6 4.2 3.9 3.9 3.9 3.9
4 4 4 4 9.3 51.7 156 288.3 421.6 535.9 611.1 634.2 612 549.5 467.2 382.2 277.9 163.6 61.6 10.5 4 4 4 4
3.9 3.9 3.9 4 15.8 68.4 174.3 299.7 419.1 523.6 595.9 621.6 603.7 553.2 479 401.4 295.7 185.1 86.3 20.9 4.3 4 3.9 3.9
3.9 3.9 3.9 3.9 9.3 45.1 126 231.4 347.6 448.2 521.2 564.8 574.1 538.6 457 376.5 270.9 164.2 73.6 16.8 4.1 4 4 3.9
3.8 3.8 3.8 3.8 4.3 22.6 94 210.5 338.3 461.7 541.9 574.3 564.3 523.1 438.2 345.4 238 133.3 42.5 6.4 3.9 3.8 3.8 3.8
4 4 4.1 4 4 6.1 36.7 118.7 237.1 355.3 446.4 491.1 484.7 438.9 362 250.9 146.4 48.4 7.2 4 4.1 4 4 4
3.9 3.9 3.9 3.9 3.9 3.9 9.8 52.1 131.3 211.2 290.8 338.5 338.4 308.7 237.7 139.9 49 7.3 3.8 3.8 3.9 3.9 3.9 3.9
4 4 4 4 4 4 4.3 16.1 64.1 125.9 188.2 227 240.7 211.9 140.1 63.8 11 4 4 4 4 4 4 4
4 4 4 4 4.1 4.1 4 6 32 86.6 146.3 183 189.8 166.1 112.8 40.5 6.3 4 4 4 4 4 4 4
